a_data = [1.60429
2.52394
2.0815
2.14355
1.89601
2.07685
1.48197
1.93845
1.79406
2.34706
2.01326
2.14066
1.98428
1.96304
1.74384
1.92028
2.07613
1.91445
2.03543
2.03404
2.3515
1.98563
2.28845
1.83447
1.93898
2.16212
1.86201
1.78828
1.87936
2.12764
2.11528
2.08341
2.17779
2.0958
1.52672
2.01228
1.94383
2.21581
2.37853
2.30092
2.1796
1.83823
2.17588
1.83819
2.42624
1.97244
1.80791
2.06567
2.2581
2.24356
1.88227
1.92576
2.13545
1.88458
2.24849
1.79008
1.84243
2.10291
1.97559
2.13861
2.18506
2.56516
2.36285
1.83602
2.02424
1.721
2.32217
1.52138
2.06801
1.72776
1.38289
1.72524
2.12964
2.14582
2.2127
1.91596
1.68818
1.99895
1.71615
2.02111
1.99789
1.82299
1.92901
1.96554
1.85035
1.8277
2.22711
2.0346
2.10664
2.16481
1.96341
1.85675
2.12387
2.12589
1.847
1.8433
2.08441
2.08327
2.12304
1.85122
2.02612
2.1703
2.20423
1.79763
2.14508
2.04802
1.68186
2.15538
1.92251
1.70167
1.93866
1.60648
2.03236
2.04803
2.15076
2.34031
1.96241
2.05884
1.74548
1.85901
2.0845
2.09022
1.88425
2.3325
1.66399
2.06198
2.31078
2.29051
2.13873
2.28733
1.91943
1.99258
1.92892
2.14137
1.97332
2.10939
2.00098
1.93469
2.02889
1.90559
2.71145
2.27029
1.82644
2.04591
1.76852
2.03017
1.93339
2.16117
1.976
1.85017
1.67931
2.22025
2.01395
2.25922
2.00055
1.9155
2.00307
1.65403
1.89393
2.01816
1.95042
1.86993
1.85276
2.2996
1.73452
2.17688
1.80251
2.09438
1.90918
1.93486
2.12899
2.11107
2.027
2.14729
1.92301
2.19438
2.02641
1.98289
1.84043
1.909
2.02767
2.14227
2.3076
1.90938
2.19416
2.16353
2.01098
1.92872
2.0388
2.25908
2.18279
1.82688
1.87424
1.99991
2.17755
2.08457
2.41519
1.80414
1.92389
1.94274
2.06722
1.72522
2.12167
2.60603
2.07344
1.95106
1.97015
2.01608
2.10907
2.06346
1.93848
1.59818
2.13997
1.98019
1.90967
1.93082
2.29817
2.09411
1.93286
1.92408
1.91899
1.68904
1.81882
1.9616
1.74965
1.75446
1.94047
1.92669
2.04218
2.30464
2.04695
2.04792
1.81772
1.64799
1.95343
2.66507
2.35791
2.0429
1.4992
1.96212
2.25284
2.149
2.05586
1.96335
1.88445
1.95568
1.92866
1.89858
1.90538
1.81917
1.97777
1.71242
1.81867
1.97771
2.1782
2.3036
2.27175
2.19154
1.97727
1.88397
2.24086
1.67153
1.95667
1.9005
2.17124
1.83878
2.02516
1.99257
2.03435
1.90115
1.6344
1.8839
2.07783
2.15893
1.67147
1.91463
1.89005
2.09186
2.19308
1.66483
2.12886
2.11173
1.94783
2.20727
2.00772
1.56808
1.85407
1.86351
1.60333
1.93211
2.19976
2.49814
2.03285
1.68032
1.84387
2.15958
2.44769
2.25167
1.67566
1.9046
1.91936
2.08344
2.00255
2.16149
2.04418
2.33573
1.80966
2.10982
1.99083
1.69018
2.10401
2.10939
2.03705
2.09688
1.97562
1.83842
2.13209
1.94989
2.0402
2.08754
1.67527
1.90661
1.86516
2.10838
2.09748
1.73569
1.758
2.10778
2.17697
2.24222
1.83696
1.9331
2.25527
2.20536
2.16448
2.11886
2.09061
1.91443
1.62419
1.73779
2.15908
2.06134
1.79865
2.08437
1.5494
2.38636
2.1448
2.01401
2.00452
2.06352
2.01245
1.71805
1.72019
1.87923
2.21456
1.78145
1.8671
2.12253
1.74444
2.08303
2.38177
1.92629
2.00071
2.0989
1.78364
2.14424
1.74244
2.21055
1.72425
1.93764
1.72608
1.92573
1.7961
2.05621
1.70206
2.2083
1.63541
1.89226
2.11292
2.31549
2.00705
1.60154
2.06678
1.98074
2.29973
1.89686
2.0809
1.82045
2.16965
1.72671
2.16936
1.90936
2.15623
1.83791
2.03164
2.03146
1.79318
1.92635
1.92754
1.51838
1.87121
1.9188
2.04564
1.75187
1.9717
2.10855
1.87505
2.19127
1.72106
2.05923
1.62782
2.11475
2.18085
1.77379
2.13475
1.90294
1.90051
1.87637
1.61923
1.76136
2.45006
1.39929
2.12127
1.82357
1.9916
1.77723
2.24373
1.84764
1.98168
1.87521
1.76672
1.9725
1.94246
2.08637
2.14604
1.92284
2.3047
1.69229
2.04375
2.00963
1.91775
1.94365
2.25921
1.75349
2.17911
2.06928
1.77393
1.96299
1.87759
2.26089
1.95655
1.93424
1.86258
2.1044
2.14403
1.80632
2.17573
1.90484
2.1271
1.44266
1.85611
1.64152
2.03303
1.38981
1.99464
2.00398
1.84084
1.34445
2.22695
2.20345
2.31977
1.78843
1.63865
2.19877
2.0247
1.95863
1.60373
1.83512
1.96363
1.8643
1.932
2.13794
1.80992
2.16662
2.33158
1.7818
2.28014
1.8064
2.10554
1.95797
2.06855
1.78595
2.02784
2.07689
1.90758
2.12341
1.55396
1.94758
1.99239
1.44
2.06719
1.98231
1.65852
2.08192
1.80175
2.13886
2.07765
2.09566
1.8012
2.02301
2.0376
2.01666
1.8577
2.31985
1.92097
2.08258
2.14383
2.09819
2.23979
1.81691
2.17101
1.8306
2.18652
2.2016
1.89113
1.74574
2.15202
1.78037
2.15965
1.96205
2.11147
2.04679
1.97746
1.99282
2.03158
1.71296
1.94819
1.60446
1.98846
1.89044
1.99113
2.12594
2.28738
2.01669
1.72891
1.83106
1.90317
2.10244
1.88998
2.09336
1.89274
2.24118
1.79412
2.18788
1.75627
2.10874
2.22167
1.95093
2.04237
2.00151
2.2349
1.94185
1.70297
1.74722
2.24561
1.69436
1.83233
1.86848
2.52415
1.76389
2.18775
1.92934
1.93632
1.86746
2.04622
2.01024
1.87323
2.05495
2.00237
1.76173
2.01609
1.99298
2.17279
1.94761
2.0148
2.12447
2.04774
2.04765
2.11628
1.97447
1.88261
2.39888
2.00587
2.07446
2.25889
2.43998
2.00896
2.31974
2.22279
1.92127
2.22818
2.31801
1.86307
2.29963
2.08745
2.0198
1.5659
2.13189
2.06507
1.69354
2.0684
1.80135
2.07849
1.70783
1.95839
1.81437
1.79602
2.26466
1.99948
2.1557
2.09033
2.03986
1.84554
1.94135
2.15494
2.05311
2.23955
1.68549
1.57118
2.08163
2.5192
1.98553
2.02808
1.98952
1.97841
2.1199
2.00134
1.84318
2.12468
1.96488
2.07576
2.05448
1.73606
1.9225
2.08375
1.87235
1.80861
2.07534
2.08352
2.21932
1.83445
2.06113
2.04395
2.32039
1.90622
1.94939
2.03388
1.99658
2.07923
2.07173
1.67424
1.7391
1.98541
1.57966
1.89266
1.97818
1.86626
1.72597
2.14984
1.82944
1.85164
2.20893
2.2515
1.84335
1.88281
2.0976
1.67819
2.17775
1.96388
2.07342
1.97659
2.44982
1.60214
2.00232
1.9277
1.76529
2.10372
2.007
2.09036
2.17001
2.10014
2.11434
1.9178
2.00479
1.78044
1.9486
2.43312
2.02259
2.49548
2.28748
1.7934
2.27211
2.17096
2.23484
2.30376
1.81893
1.90294
1.90199
2.03353
1.90872
1.96078
2.02278
2.09697
1.99015
1.73276
1.68646
1.95429
2.18881
2.04329
2.13915
2.07801
1.59727
1.91937
1.80685
2.20408
1.93131
1.9218
1.78161
1.70642
2.09485
2.11069
1.61808
1.97199
2.25806
1.89128
2.01452
2.07997
2.34644
2.12957
1.74718
2.23125
1.94628
1.79611
2.15864
1.7761
2.08935
1.60441
2.62168
2.0818
1.91805
2.25987
1.90108
1.92635
1.92102
2.33096
2.20828
2.26473
2.12329
2.18023
1.98202
2.00695
1.88067
2.09082
1.83009
2.30135
2.03307
2.24353
2.3127
2.15272
1.96414
2.00209
2.18886
1.59517
2.1861
1.66452
2.10488
2.34747
2.44261
2.05985
1.93753
2.0096
1.78051
1.96189
2.17142
1.8799
1.90909
2.13741
2.36413
1.8325
1.84947
1.90031
1.75106
2.05903
1.62135
1.88585
2.13382
2.39017
1.84181
1.83078
2.06541
2.04403
1.70869
1.95352
1.82864
2.08495
1.87477
1.87234
1.84729
2.17171
1.61174
2.28264
1.93683
1.78173
2.16952
2.39384
1.67807
1.92279
2.00101
2.0218
2.31093
1.88573
2.20482
2.14288
2.25143
1.74364
2.1583
2.08596
2.53461
2.0806
1.80134
2.21532
2.46575
2.08136
2.10672
2.26865
2.46113
2.20854
1.81046
2.02471
1.96743
1.64827
2.19665
2.24236
2.37171
1.89772
2.18902
2.20302
1.84886
2.39164
2.17877
2.0759
1.84971
1.82122
1.82799
2.07611
2.1533
1.96973
1.70689
1.61859
1.66448
2.06787
1.73768
2.24355
1.71496
2.08816
1.90475
1.91023
2.15954
2.29791
1.93309
2.00103
1.94795
2.35993
2.09543
2.08852
1.7745
2.0603
2.04547
1.7069
1.84034
2.03879
1.83052
1.86521
2.32386
1.99975
1.75129
2.3745
1.70061
1.89544
2.09488
1.75214
1.78476
2.23194
2.12606
1.94454
2.0294
2.01018
1.7496
2.27326
1.86124
1.48862
1.78171
2.11432
2.05771
1.94967
2.14243
1.83814
2.01784
1.50682
1.9948
1.89382
1.8919
2.2561
2.05591
2.41952
1.78836
2.02102
2.39249
2.28599
2.04672
1.97252
2.11378
2.01598
1.77456
2.11619
2.08491
1.82042
1.84842
2.22084
1.85512
1.94274
2.11371
2.0939
2.10125
2.32002
2.01642
2.16601
2.11153
1.7747
1.85861
2.39274
1.75432
1.97046
1.9014
1.92395
1.97584
2.09331
2.064
1.83123
2.05153
1.97883
2.10245
1.73631
2.1265
2.29102
1.83029
2.27818
2.03564
2.01617
2.21868
1.85818
1.97315
1.91709
1.79872
2.1475
2.40518
1.84331
2.17927
2.29603
2.07444
2.14881
1.83063
1.86155
2.25865
2.09584
1.72574
1.8234
2.2576
1.9086
2.08332
2.07199
2.19304
1.60401
1.95743
1.7061
1.82212
2.0778
1.51755
2.35037
2.44774
1.66756
2.41555
2.03186
2.16849
1.73587
2.24743
1.91896
1.9618
2.38969
1.92164
2.16765
2.26811
2.24316
1.89196
2.25748
1.81663
1.90525
1.90582
2.12951
1.77462
2.08318
2.08845
1.77546
2.10625
