model_data = [0.0901354
0.0226882
0.0440582
0.0401426
0.0581919
0.0443661
0.108288
0.0546025
0.0678067
0.0295818
0.0488067
0.0403168
0.050975
0.052625
0.0731117
0.056111
0.0444142
0.0566044
0.0472102
0.047309
0.0293856
0.0508722
0.0323006
0.0638189
0.0545588
0.0390396
0.0612365
0.0683976
0.0596632
0.0411119
0.0418811
0.0439318
0.0381326
0.043123
0.101259
0.0488787
0.0541638
0.0360187
0.0282178
0.031702
0.038029
0.0634599
0.0382421
0.0634639
0.0262691
0.0518882
0.0664131
0.0451167
0.0338049
0.0345505
0.0594035
0.0556519
0.0406328
0.0591981
0.0342958
0.0682128
0.0630614
0.0426653
0.0516439
0.0404408
0.0377192
0.0213278
0.0288894
0.0636707
0.0480094
0.0756603
0.0307072
0.102072
0.0449583
0.0748967
0.125639
0.0751813
0.0409888
0.0400059
0.0361871
0.0564761
0.079479
0.0498652
0.0762133
0.048235
0.049945
0.0649271
0.0553813
0.0524285
0.0623165
0.0644703
0.0354131
0.0472689
0.0424276
0.0388824
0.0525959
0.0617212
0.0413452
0.0412199
0.062631
0.0629796
0.0438659
0.0439409
0.0413962
0.0622355
0.0478741
0.0385637
0.0366497
0.0674445
0.0400505
0.0463269
0.0802356
0.0394362
0.0559238
0.0778864
0.0545852
0.0898409
0.0474283
0.0463261
0.0397104
0.0298831
0.0526752
0.045581
0.0729329
0.0615125
0.04386
0.0434852
0.0592273
0.0302351
0.082415
0.0453668
0.0312362
0.0322006
0.0404334
0.0323548
0.0561827
0.050344
0.0553889
0.040274
0.0518202
0.0422528
0.0497136
0.0549115
0.0476757
0.0573616
0.0171256
0.0331926
0.0645928
0.0464738
0.0704551
0.0475839
0.0550184
0.039095
0.0516122
0.0623339
0.0805428
0.0357797
0.0487563
0.0337482
0.0497459
0.0565153
0.0495585
0.0836552
0.0583736
0.0484488
0.0536308
0.0605133
0.0620922
0.0317645
0.0741414
0.0381848
0.0669525
0.0432151
0.0570529
0.0548973
0.0410289
0.0421463
0.0478106
0.0399179
0.0558822
0.0371954
0.0478535
0.0510816
0.0632514
0.0570689
0.047763
0.0402194
0.0313856
0.0570365
0.0372077
0.0389573
0.0489737
0.0554053
0.046972
0.0337551
0.0378477
0.0645495
0.0601233
0.0497936
0.0381465
0.0438556
0.0267082
0.0667896
0.0558081
0.0542525
0.0450118
0.0751833
0.0414813
0.0200597
0.0445936
0.0535792
0.0520666
0.0486005
0.0422731
0.0452662
0.0545998
0.0909653
0.0403587
0.0512889
0.0570118
0.0552311
0.0318329
0.0432323
0.0550623
0.0557924
0.0562202
0.0793756
0.0653352
0.0527389
0.0724782
0.0719564
0.0544376
0.0555742
0.0467348
0.0315253
0.0464014
0.0463337
0.0654429
0.0844171
0.0533894
0.0183596
0.0291043
0.046684
0.105527
0.0526982
0.0340724
0.0398155
0.0457856
0.0526008
0.0592094
0.0532097
0.05541
0.0579678
0.0573792
0.0653001
0.0514751
0.0766409
0.0653496
0.0514795
0.0381093
0.0315746
0.0331196
0.0373539
0.0515135
0.0592517
0.0346905
0.081488
0.0531306
0.0578011
0.0385094
0.0634081
0.0479435
0.0503453
0.0472865
0.0577447
0.0861553
0.0592579
0.0443012
0.0392266
0.0814953
0.0565887
0.0587141
0.0433786
0.0372681
0.0823114
0.0410369
0.0421047
0.0538394
0.0364831
0.0492137
0.0951673
0.0619696
0.0610989
0.0902654
0.0551241
0.0368963
0.0235834
0.0473933
0.0804205
0.0629254
0.0391883
0.0254375
0.0341325
0.0809854
0.0574466
0.056189
0.0439302
0.0495973
0.0390766
0.0465946
0.030089
0.0662386
0.0422253
0.0504767
0.0792399
0.0425951
0.0422525
0.047096
0.0430531
0.0516411
0.0634423
0.0408384
0.0536733
0.0468739
0.0436608
0.081032
0.0572738
0.0609479
0.0423168
0.0430145
0.0740113
0.0715752
0.0423549
0.0381798
0.0346199
0.0635809
0.0550426
0.0339486
0.0365876
0.0389019
0.0416569
0.0434599
0.0566061
0.0874852
0.0737783
0.0392181
0.0454107
0.0673419
0.0438684
0.0978715
0.0278886
0.0400671
0.0487517
0.0494504
0.0452622
0.0488661
0.0759955
0.0757529
0.0596745
0.0360863
0.069102
0.0607702
0.0414283
0.0730461
0.043957
0.0280812
0.0556073
0.0497338
0.0429229
0.068875
0.0401006
0.0732658
0.0363041
0.0752923
0.0546688
0.0750866
0.0556547
0.0675995
0.0457617
0.0778404
0.0364269
0.0860258
0.0585202
0.0420295
0.0310165
0.0492631
0.0905084
0.0450417
0.0512467
0.0317583
0.0581174
0.0440979
0.0651754
0.0386012
0.0750152
0.0386179
0.0570379
0.0393858
0.0634907
0.0474794
0.0474922
0.0678968
0.0556027
0.0555031
0.102534
0.0603973
0.0562358
0.0464926
0.0722364
0.0519459
0.0423057
0.0600504
0.0373694
0.0756532
0.0455547
0.0870107
0.0419143
0.0379578
0.0699002
0.040676
0.0575895
0.0578005
0.0599318
0.0881385
0.0712162
0.0253472
0.122588
0.0415064
0.0648711
0.0504184
0.0695407
0.0345412
0.0625703
0.0511744
0.0600357
0.070646
0.0518838
0.0542747
0.0437373
0.0399928
0.0558958
0.0315228
0.0789903
0.0466244
0.0490731
0.0563243
0.0541779
0.0337489
0.0720612
0.0380572
0.0448731
0.0698857
0.0526295
0.0598217
0.0336638
0.0531396
0.0549488
0.0611843
0.0425703
0.0401135
0.0665713
0.0382509
0.057426
0.0411453
0.114866
0.0617807
0.0852399
0.0473806
0.124342
0.0501887
0.0494906
0.0632118
0.133098
0.0354218
0.0366925
0.0308182
0.0683822
0.0856079
0.0369515
0.0479761
0.0529749
0.0902114
0.0637571
0.0525786
0.061026
0.0551336
0.0404815
0.0662127
0.038777
0.0302768
0.0690656
0.0327056
0.0665634
0.0424972
0.0530269
0.0449218
0.0686372
0.0477511
0.0443638
0.0571902
0.0413733
0.0972047
0.0538599
0.0503589
0.115326
0.0450137
0.0511256
0.0830937
0.0440301
0.0670291
0.0404256
0.0443133
0.0431318
0.0670847
0.0480979
0.0470568
0.0485583
0.0616336
0.0308143
0.0560528
0.0439864
0.0401255
0.0429683
0.0347462
0.0655222
0.0385224
0.0641902
0.0376366
0.0367949
0.0586187
0.0729036
0.0396355
0.0692136
0.0391842
0.0527038
0.0421215
0.0464128
0.0514991
0.050326
0.0474839
0.0765784
0.0538105
0.0901131
0.0506561
0.0586796
0.0504539
0.041217
0.0323523
0.0485564
0.0747684
0.0641464
0.0575699
0.0426955
0.0587207
0.0432813
0.0584775
0.0346736
0.0678008
0.03756
0.0717622
0.0422941
0.0357035
0.0535898
0.046721
0.0496744
0.0350018
0.0543249
0.0777341
0.072742
0.0344444
0.078745
0.0640237
0.0606447
0.0226811
0.0709461
0.037567
0.0553537
0.0547776
0.060738
0.0464525
0.049028
0.0602141
0.0458479
0.0496105
0.0711767
0.0485995
0.0503144
0.0384197
0.0538572
0.048694
0.0413075
0.0463466
0.0463528
0.0418184
0.0517306
0.0593734
0.0273695
0.0493505
0.0445259
0.0337649
0.0257333
0.0491226
0.0308196
0.0356436
0.0560279
0.0353564
0.0308995
0.0611392
0.031763
0.0436665
0.04833
0.0954794
0.0408505
0.0451573
0.0788423
0.0449321
0.06707
0.0442574
0.0771702
0.0529934
0.0657728
0.0676081
0.0334736
0.0498257
0.0394171
0.0434783
0.0468973
0.0627684
0.0543652
0.0394626
0.0459745
0.0347585
0.0797996
0.094726
0.0440495
0.02285
0.0508796
0.0477336
0.0505759
0.051426
0.0415921
0.0496869
0.0629908
0.0412949
0.0524804
0.0444386
0.0458802
0.0739708
0.0559248
0.0439097
0.0602941
0.0663428
0.0444667
0.0439243
0.0358296
0.0638213
0.045425
0.0466109
0.0307894
0.0573073
0.0537139
0.0473202
0.050043
0.0442083
0.0447086
0.0811584
0.0736335
0.0508888
0.0935283
0.0584851
0.0514435
0.060847
0.075098
0.0397655
0.0643026
0.0621964
0.0363923
0.0341413
0.0629742
0.059355
0.043007
0.0806784
0.0381348
0.0525589
0.0445954
0.0515667
0.0253563
0.0904275
0.0496139
0.0554903
0.0707973
0.0426137
0.0492667
0.0434764
0.0385801
0.042843
0.0419405
0.0563202
0.049431
0.0692065
0.0537772
0.0259994
0.0481286
0.0236777
0.0323475
0.0678741
0.0331018
0.0385251
0.0350052
0.031567
0.0653239
0.0575897
0.0576718
0.0473451
0.0570926
0.0528043
0.0481144
0.0430475
0.0505278
0.0743371
0.0796841
0.0533208
0.0375073
0.0466569
0.040408
0.0442894
0.0910904
0.0561876
0.0665184
0.0366583
0.0551902
0.0559835
0.069085
0.0773334
0.0431846
0.0421707
0.0882906
0.0519233
0.033807
0.058606
0.0487146
0.0441593
0.0296097
0.0409929
0.0727473
0.0351944
0.0539648
0.0675991
0.0392438
0.0696581
0.0435421
0.0901204
0.0195943
0.0440383
0.0562994
0.0337151
0.0577507
0.0556026
0.0560491
0.0303049
0.0364278
0.0334702
0.0413809
0.0379936
0.0511482
0.0492709
0.0595459
0.0434462
0.0642395
0.0316815
0.0473774
0.034552
0.0311464
0.0395942
0.0525384
0.0496315
0.0375048
0.0913773
0.0376604
0.0823493
0.0425393
0.0295636
0.0256319
0.0455125
0.0546775
0.049075
0.0691992
0.0527163
0.0384988
0.0596153
0.0570609
0.0405136
0.0288341
0.0640081
0.0623993
0.0578177
0.0723245
0.0455684
0.0878588
0.0590852
0.0407324
0.0277298
0.06312
0.0641736
0.0451344
0.0466053
0.0770703
0.0533821
0.0643796
0.0438303
0.0600758
0.0602947
