ip_mh_rejected = 0.00550028;

