ip_mh_filtChain_sub0 = zeros(1000,1);
ip_mh_filtChain_sub0 = [4.6352303512301063e-01 
5.1391490490174652e-01 
6.0859887020742898e-01 
6.6953213524454080e-01 
7.0141549024194028e-01 
7.6270407990137090e-01 
8.3903621645330673e-01 
9.1914487807607659e-01 
9.9817061030786658e-01 
1.1477139704793284e+00 
1.2607041729370134e+00 
1.3558633047736444e+00 
1.5103726344533845e+00 
1.6455934079561114e+00 
1.7082314433636310e+00 
1.8941306766281945e+00 
1.9287711349270260e+00 
2.0290482881736729e+00 
1.9446460615008474e+00 
1.9046352030983120e+00 
1.9345862403815326e+00 
1.9908704976305192e+00 
1.8586204864535285e+00 
1.9730675014552193e+00 
1.8751256851946316e+00 
1.8888612171349899e+00 
2.0327875494601386e+00 
1.9928328988645161e+00 
1.9565746121559668e+00 
1.9348709294538342e+00 
2.0164165658528597e+00 
2.0308932250555629e+00 
2.1488524292410665e+00 
2.1249131637671685e+00 
2.0746687909356520e+00 
2.1842777701077378e+00 
2.1786949601408048e+00 
2.0974440859878056e+00 
2.0571150529756106e+00 
2.0036459290428481e+00 
1.8749340590524690e+00 
1.9261140137955934e+00 
2.0787215554107825e+00 
2.0853489787990740e+00 
1.9231696849446809e+00 
1.8795076710897609e+00 
1.9717524938054674e+00 
2.1223471069443320e+00 
2.0672463828271121e+00 
1.9005715856661403e+00 
1.8401979754541875e+00 
1.8736950878514906e+00 
1.9084197887565078e+00 
1.9072129903679942e+00 
1.9157268129842810e+00 
1.8886500910780379e+00 
1.8944746256573011e+00 
1.9851725203431088e+00 
1.9919376512281273e+00 
2.0546202712898971e+00 
2.0242974655125536e+00 
2.0501001078646408e+00 
2.0171597650622801e+00 
1.9310240485459353e+00 
2.1777858402294652e+00 
2.1509522422979246e+00 
2.0426200434738808e+00 
1.9681754067977404e+00 
1.8618748052233249e+00 
1.8883396133462140e+00 
1.8927865133917421e+00 
1.9093347428854193e+00 
1.9562282620981339e+00 
2.0015196733096894e+00 
1.9248769519035103e+00 
1.8285289163385792e+00 
1.7686245225598352e+00 
1.8353885298913220e+00 
1.8001538927094338e+00 
1.8678680822343170e+00 
1.9565245258391257e+00 
1.9992248914439572e+00 
2.0039271072707669e+00 
1.9256874666999622e+00 
1.9977529639353715e+00 
2.0384034076153519e+00 
1.9973729191564535e+00 
1.9221711839163198e+00 
1.9497397581743381e+00 
1.9773439364158358e+00 
1.9943425056917445e+00 
1.9460267519458097e+00 
1.9434940747446805e+00 
1.9687387389704933e+00 
2.0167423968095468e+00 
2.0847044359103664e+00 
2.0611144948730900e+00 
2.0699058263452970e+00 
1.9132636575418271e+00 
1.8946049857607736e+00 
2.0501528611544293e+00 
2.0306030566143520e+00 
2.0301950538946310e+00 
2.0412901477709822e+00 
2.1725513539530033e+00 
2.2043513787540174e+00 
2.2631543077362455e+00 
2.2773727736666278e+00 
2.2121965547315718e+00 
2.1086632328968342e+00 
1.9923213706198635e+00 
2.0766226014430451e+00 
1.9946656671977243e+00 
1.9848687275807790e+00 
1.8586878529978028e+00 
1.8985853748398487e+00 
1.9472976202205710e+00 
2.0596205603157043e+00 
2.1201091682268824e+00 
2.0636689964555543e+00 
2.2311027529389857e+00 
2.2668674395908459e+00 
2.2117488450046836e+00 
2.2293392594644144e+00 
2.2628045552431031e+00 
2.2203789288034774e+00 
2.2755482734957266e+00 
2.3261303505575963e+00 
2.3666410176367054e+00 
2.3609507708996040e+00 
2.3857305807491667e+00 
2.2849590168395029e+00 
2.2197545989257939e+00 
2.0554827314256374e+00 
2.0390536406729658e+00 
1.9833535295787885e+00 
1.9632329305861655e+00 
2.0233903269124887e+00 
1.9050996124699249e+00 
1.9513231198782985e+00 
1.8855950751114583e+00 
1.9342417969181342e+00 
1.9232568018644891e+00 
1.8612618146615847e+00 
1.9046296517396935e+00 
1.9088659230095550e+00 
1.9495410075730417e+00 
2.0876395511851098e+00 
1.9632441299607439e+00 
2.0350600861949140e+00 
2.1001012574054010e+00 
2.0603482044271773e+00 
2.0485038363664740e+00 
1.9752234763242924e+00 
2.0249977109511641e+00 
1.8302715585360052e+00 
1.9357555069048824e+00 
1.9457765073603293e+00 
1.8398690899785359e+00 
1.8423850572310683e+00 
1.7853910530448911e+00 
1.8491314366004148e+00 
1.9303726123205442e+00 
1.9980299548657037e+00 
2.0041025825494958e+00 
2.0125076442464755e+00 
1.9251816792691603e+00 
2.0330517019825760e+00 
1.9413460962475790e+00 
2.0457756348302261e+00 
1.9986595350679035e+00 
1.9177517274127875e+00 
1.9646390860600200e+00 
1.9459295742862437e+00 
2.0282979133335162e+00 
2.1757587322090144e+00 
2.1600509663694289e+00 
2.1083984915138054e+00 
2.1382392346515062e+00 
2.1101886729546604e+00 
1.9316919275174074e+00 
1.9279772188798578e+00 
1.9833321878910635e+00 
2.1118583966821420e+00 
1.9110979209739083e+00 
1.9022642918090504e+00 
1.9668666782110640e+00 
1.9931053223143178e+00 
2.1264313454283146e+00 
2.1787102521626380e+00 
2.0642839841461327e+00 
2.1763516725636687e+00 
2.0812784328225371e+00 
2.0996392812279057e+00 
1.9293911956583063e+00 
1.8061069107367289e+00 
1.9250060152839494e+00 
1.9264285072742799e+00 
1.8748233582994966e+00 
2.0075008312649616e+00 
2.1663975885306237e+00 
2.1693679854131256e+00 
2.0668326810577571e+00 
1.9808957336195341e+00 
2.0533129618873600e+00 
2.0480622698422546e+00 
2.0995523109105876e+00 
2.0258903236666677e+00 
2.0282017245200876e+00 
2.0762926054592543e+00 
2.0985644977291313e+00 
2.0804141785447756e+00 
2.1347309604935418e+00 
2.2356364152965784e+00 
2.2287603049994198e+00 
2.1468021913924811e+00 
2.2619223895764073e+00 
2.1801970656573144e+00 
2.2747735776496745e+00 
2.2190603925388874e+00 
2.1960339541032314e+00 
2.1575048341754219e+00 
2.2765344498948341e+00 
2.4520482941467181e+00 
2.1879782536093795e+00 
2.2177328918548946e+00 
2.3352705707258088e+00 
2.3788550966266477e+00 
2.2592334781329124e+00 
2.1383269126304243e+00 
2.1337826261653623e+00 
2.1331843881962116e+00 
2.1735659301154024e+00 
2.0202209252953649e+00 
1.9797213108868137e+00 
1.9634914601801166e+00 
2.0553277495133386e+00 
1.9455858969808366e+00 
1.8498306740425479e+00 
1.9020166058566512e+00 
1.9142592164911651e+00 
2.0528640731493843e+00 
1.9865610428923237e+00 
1.9189306986179551e+00 
1.9889463520587374e+00 
2.0766298925259377e+00 
2.0398363707494416e+00 
1.9547442778313784e+00 
1.9674346123064796e+00 
1.7351652400381330e+00 
1.7374491331127215e+00 
1.8337583242167037e+00 
1.7441859664416053e+00 
1.7346251782507800e+00 
1.7656902986662730e+00 
1.8829843398770527e+00 
1.9691415674090400e+00 
2.0631984532088619e+00 
1.9295556217924605e+00 
1.9934595242622670e+00 
1.9958281533887199e+00 
1.8967337529073098e+00 
1.9805993643373483e+00 
1.9744494815506271e+00 
1.8822543300503267e+00 
2.0140970126309190e+00 
2.0000045578679404e+00 
2.0150251317562775e+00 
2.0583826435518846e+00 
1.8113093508376672e+00 
1.8070153681536623e+00 
1.8707547033318970e+00 
1.9132380118524108e+00 
1.8976087589510267e+00 
1.8030780564298963e+00 
1.9426944246030649e+00 
1.9315723919048151e+00 
2.0291689558883652e+00 
1.9022164359736748e+00 
1.9265821735974946e+00 
1.9427164543644668e+00 
1.9856053275624814e+00 
1.9329538155464983e+00 
1.8342162179640635e+00 
1.8618396350842663e+00 
2.0013285532890683e+00 
1.9476109801554784e+00 
1.9812448796874544e+00 
2.0230489968486229e+00 
2.0870231811674702e+00 
1.9622113619909651e+00 
2.1382043558330905e+00 
2.0067340244770939e+00 
2.0084003397301085e+00 
2.0373649556441928e+00 
1.9425578666884407e+00 
1.8535073726611155e+00 
1.8974718068471847e+00 
1.8421341769336834e+00 
1.8830968963782422e+00 
1.8234427425954554e+00 
1.9781064353981523e+00 
1.9227142650830817e+00 
2.0149650466822959e+00 
1.9972610373343525e+00 
2.1630268730932074e+00 
2.1314464032558025e+00 
2.1725741977431445e+00 
2.1204835937693720e+00 
2.1306622716650896e+00 
2.0544383394827079e+00 
1.9857748311499983e+00 
1.9666643505970207e+00 
2.0397598201616485e+00 
1.9113784979963395e+00 
1.8579616699792123e+00 
1.8379601148523128e+00 
1.9424614387393635e+00 
1.9273679918445921e+00 
1.9325071652613046e+00 
1.9299908623016728e+00 
2.0261653970370190e+00 
2.0683310152918830e+00 
2.0348210963021311e+00 
2.0327808965701246e+00 
1.9979392559860363e+00 
2.0895077372696544e+00 
1.9616263417104700e+00 
1.8443677006085066e+00 
1.9641188373383360e+00 
