ip_logTarget_unified = zeros(1000,1);
ip_logTarget_unified = [-1060.68
-895.558
-648.8
-525.462
-470.011
-378.355
-287.274
-213.624
-158.149
-87.0018
-53.6539
-34.7388
-15.9993
-7.46672
-5.13715
-2.00574
-1.85299
-1.89153
-1.81503
-1.9487
-1.83688
-1.80415
-2.27483
-1.7919
-2.13451
-2.03807
-1.90416
-1.80667
-1.7986
-1.83616
-1.854
-1.89768
-2.57797
-2.40121
-2.08922
-2.86659
-2.81918
-2.21979
-2.00238
-1.82455
-2.13598
-1.86122
-2.11103
-2.14805
-1.87099
-2.1018
-1.79178
-2.38324
-2.05095
-1.96962
-2.46514
-2.1456
-1.9305
-1.93617
-1.89879
-2.03942
-2.00372
-1.79812
-1.80549
-1.99108
-1.87646
-1.97131
-1.85598
-1.84644
-2.81152
-2.59422
-1.9406
-1.79201
-2.24497
-2.04141
-2.01375
-1.92629
-1.79893
-1.82051
-1.86524
-2.60526
-3.59464
-2.52099
-3.01453
-2.19283
-1.79864
-1.81643
-1.8251
-1.86259
-1.81398
-1.92441
-1.81337
-1.87446
-1.80678
-1.79305
-1.80877
-1.81261
-1.81715
-1.79192
-1.85486
-2.14438
-2.02104
-2.06441
-1.90898
-2.00296
-1.97153
-1.8967
-1.89533
-1.9354
-2.7678
-3.04234
-3.59686
-3.73802
-3.11312
-2.29092
-1.80599
-2.09965
-1.80923
-1.79786
-2.2742
-1.98036
-1.8105
-2.01399
-2.36774
-2.03331
-3.28805
-3.6335
-3.10905
-3.27149
-3.59341
-3.1881
-3.71978
-4.23699
-4.66396
-4.60352
-4.86756
-3.81424
-3.18234
-1.99495
-1.92685
-1.79661
-1.79372
-1.87372
-1.9464
-1.80459
-2.05939
-1.83776
-1.87069
-2.25051
-1.94873
-1.92844
-1.80707
-2.16123
-1.79371
-1.91218
-2.23625
-2.01741
-1.96454
-1.79234
-1.87861
-2.58333
-1.83395
-1.81303
-2.46887
-2.4406
-3.26879
-2.36826
-1.84829
-1.81443
-1.82545
-1.84405
-1.86424
-1.90508
-1.82137
-1.95324
-1.81548
-1.89078
-1.79307
-1.81277
-1.88907
-2.79452
-2.66595
-2.28919
-2.49762
-2.30091
-1.84457
-1.85539
-1.79659
-2.31194
-1.91836
-1.96073
-1.79231
-1.80704
-2.41193
-2.81931
-2.03631
-2.79948
-2.12511
-2.23337
-1.85115
-2.92024
-1.86482
-1.86022
-2.13684
-1.83251
-2.7172
-2.74151
-2.04889
-1.79489
-1.98527
-1.96269
-2.23283
-1.88139
-1.88876
-2.09788
-2.2267
-2.12032
-2.47174
-3.33085
-3.26607
-2.56221
-3.58474
-2.83187
-3.71205
-3.17594
-2.96855
-2.64567
-3.72964
-5.57964
-2.89838
-3.16373
-4.33256
-4.7941
-3.55835
-2.49827
-2.4648
-2.46044
-2.77623
-1.86444
-1.79419
-1.79359
-1.99426
-1.81336
-2.36104
-1.96201
-1.9048
-1.98329
-1.79941
-1.88627
-1.8019
-2.09969
-1.92982
-1.80047
-1.79217
-4.37325
-4.31432
-2.54052
-4.14559
-4.38731
-3.65591
-2.07715
-1.79187
-2.03103
-1.85066
-1.80753
-1.81095
-1.9907
-1.7947
-1.79215
-2.08223
-1.848
-1.81779
-1.85036
-2.00822
-2.84159
-2.90626
-2.16901
-1.90909
-1.98578
-2.96764
-1.81868
-1.84491
-1.89192
-1.96098
-1.85973
-1.81864
-1.79851
-1.84114
-2.53501
-2.24529
-1.82016
-1.81
-1.79511
-1.87269
-2.15766
-1.79427
-2.49736
-1.83086
-1.83448
-1.92056
-1.81895
-2.32398
-1.98654
-2.44339
-2.07637
-2.67132
-1.79338
-1.87256
-1.85021
-1.81319
-2.68986
-2.44783
-2.76799
-2.37032
-2.44217
-1.99027
-1.79867
-1.79236
-1.92953
-1.91712
-2.28101
-2.4908
-1.81914
-1.85727
-1.84234
-1.8494
-1.88225
-2.05641
-1.91132
-1.90414
-1.81428
-2.17212
-1.79462
-2.41882
-1.79329
-1.79181
-1.9369
-1.82849
-1.8004
-2.03244
-1.79664
-1.9677
-2.41173
-2.30736
-2.74485
-1.86315
-1.79189
-1.8788
-2.34764
-2.1241
-3.01028
-2.26057
-1.92736
-1.8033
-1.8293
-1.84439
-2.15626
-1.91462
-5.06143
-4.91353
-4.92248
-2.78567
-2.09696
-1.81558
-2.43115
-3.46993
-2.06842
-1.85549
-2.94271
-3.58516
-4.8693
-2.77658
-2.25549
-2.28769
-2.36777
-1.79345
-1.82119
-1.7919
-1.80198
-1.80716
-2.31577
-2.82753
-2.06393
-2.32674
-2.78874
-4.61184
-3.94851
-5.33146
-2.88553
-2.61789
-4.09762
-2.25143
-3.02301
-2.37265
-1.81599
-2.83363
-3.05145
-3.04162
-2.00873
-1.8123
-1.80626
-1.79483
-2.27909
-2.28091
-2.42377
-1.93084
-1.85199
-1.85474
-3.41187
-4.24297
-6.3655
-3.42773
-3.33239
-3.49337
-3.46905
-2.82071
-2.43856
-2.01563
-2.15579
-2.49498
-1.90645
-2.70591
-2.49556
-2.89347
-1.79331
-1.83035
-1.90971
-2.32411
-1.80601
-1.94987
-1.79176
-1.83216
-1.8171
-1.81743
-2.6091
-3.39175
-2.00187
-2.3362
-3.56785
-2.48779
-2.92821
-3.46991
-3.68016
-3.38041
-2.1108
-2.31945
-1.85037
-1.80414
-2.50595
-3.37655
-5.20943
-5.12863
-4.66845
-3.53799
-3.35708
-3.54072
-3.60042
-3.76463
-3.34797
-2.35153
-1.92985
-1.85345
-2.42069
-2.30391
-5.33024
-6.4399
-4.29044
-2.1608
-1.98935
-2.16971
-2.42709
-1.7971
-1.89711
-2.65998
-2.31055
-1.79502
-2.66198
-2.36028
-2.3849
-1.89814
-2.55911
-1.84066
-2.15937
-2.36922
-1.80314
-1.90889
-1.85778
-2.05026
-2.51807
-1.79898
-2.84954
-2.48655
-2.02915
-1.95764
-3.33076
-2.24907
-1.79421
-1.82952
-1.8065
-1.85441
-1.8044
-2.49778
-2.48815
-2.2777
-2.37631
-2.00804
-2.14459
-1.93527
-1.96006
-2.0938
-2.07607
-1.80772
-1.7919
-1.9173
-1.85109
-1.8883
-1.84845
-1.92453
-2.20723
-1.83475
-1.79548
-2.13308
-2.20667
-1.83803
-1.91451
-2.08105
-3.37472
-3.0997
-2.03787
-1.87854
-1.85193
-1.82364
-1.80421
-2.31675
-3.51165
-3.89357
-2.95938
-2.80856
-2.1819
-2.78954
-2.59641
-1.7941
-2.0176
-1.85205
-2.31486
-2.09269
-2.18967
-2.04285
-1.85366
-1.79368
-2.06421
-3.73085
-3.34892
-3.95595
-4.29393
-4.39085
-4.22694
-3.76606
-4.32107
-4.65367
-3.27459
-3.60933
-4.79769
-5.33049
-5.28776
-5.95874
-6.53325
-5.15311
-3.10631
-2.4888
-2.77737
-1.79187
-1.79202
-1.81591
-1.82648
-1.88879
-1.91755
-1.9668
-3.71775
-2.76949
-2.62158
-2.09165
-2.58925
-1.83502
-2.49448
-2.08737
-1.8985
-1.79208
-1.79177
-2.347
-1.82264
-1.84438
-1.84213
-2.2217
-2.14991
-1.84869
-2.0314
-1.88808
-1.98059
-2.15007
-1.95037
-1.79369
-1.79439
-1.8129
-1.82271
-1.94252
-1.79782
-1.84867
-2.03469
-2.36789
-3.67226
-3.77849
-3.90833
-3.20831
-3.2891
-2.63979
-1.93669
-2.50171
-3.50643
-3.00051
-1.90152
-1.83462
-1.97716
-2.76077
-2.29219
-2.29247
-2.3355
-2.34974
-1.81956
-2.08102
-1.83438
-2.37668
-2.33569
-1.79347
-1.79239
-2.01281
-1.85596
-2.02347
-2.27607
-2.4317
-1.83525
-2.153
-2.20717
-2.49894
-2.14526
-1.79403
-1.79193
-1.85582
-2.65354
-2.43427
-1.7992
-1.86241
-1.79391
-1.90152
-3.21766
-3.87893
-2.92373
-2.53404
-2.34129
-1.85811
-1.80167
-2.08852
-2.03481
-1.79305
-2.39376
-2.7578
-2.48584
-2.01393
-2.51508
-2.26869
-1.87796
-1.92266
-1.8622
-1.90939
-2.0588
-1.93391
-1.80732
-2.04421
-1.9625
-1.81285
-2.03183
-2.03268
-1.80835
-2.62104
-2.04813
-1.81252
-1.91146
-1.79467
-2.49066
-1.81433
-1.81813
-2.58366
-1.96956
-2.2803
-1.79237
-1.84994
-1.81061
-1.8036
-1.8275
-1.80528
-1.84684
-1.92316
-1.79261
-2.16493
-2.22329
-1.88511
-1.79179
-1.87123
-2.24441
-1.79333
-1.98271
-1.91532
-2.214
-2.61106
-1.94533
-1.93944
-1.79993
-1.89211
-1.91413
-2.28016
-2.32551
-2.59077
-1.84966
-1.87427
-1.96648
-2.12979
-1.8296
-2.1549
-1.8347
-2.23673
-2.04529
-1.88178
-2.02294
-1.92719
-1.79437
-1.87357
-1.93503
-1.96769
-1.84808
-1.82824
-2.46411
-1.93564
-1.79194
-1.80063
-1.90284
-1.81735
-1.79191
-2.23025
-1.88139
-1.91073
-1.94924
-1.79415
-1.79633
-1.79305
-1.79196
-1.85648
-2.46409
-2.08032
-2.22094
-2.18102
-1.81887
-2.04534
-1.89444
-1.8833
-1.98087
-3.14323
-2.89944
-2.90175
-1.80911
-1.96902
-2.09988
-2.08231
-2.95476
-1.86012
-1.81459
-1.80497
-1.94154
-2.55553
-3.34502
-2.8906
-3.58094
-3.78804
-3.59533
-3.20008
-3.35971
-3.55772
-3.68469
-5.13512
-3.83524
-5.53472
-4.39248
-4.71729
-3.26719
-1.97532
-2.59378
-2.96188
-2.38172
-2.42896
-2.65329
-2.22138
-2.09319
-1.80217
-1.84423
-1.81244
-1.9986
-2.35687
-1.82898
-2.19428
-2.89068
-2.54784
-1.79298
-1.7918
-1.83169
-1.87292
-2.58755
-1.84076
-1.80184
-1.94424
-2.55524
-1.98034
-2.1949
-2.37839
-2.08899
-3.27026
-2.08846
-1.9272
-1.97321
-2.25446
-2.9838
-2.62346
-4.45156
-4.73316
-4.1044
-2.71764
-3.18672
-2.48155
-2.26278
-2.01714
-1.79614
-1.95953
-2.23167
-1.80249
-1.98003
-2.55336
-2.79812
-1.8541
-1.94261
-1.79224
-2.05778
-2.79247
-2.0686
-1.98797
-1.84264
-2.21236
-1.81271
-1.81764
-1.79221
-1.82498
-1.94701
-2.35231
-2.54005
-3.40566
-3.25456
-3.23096
-3.18138
-2.97918
-1.90454
-1.85248
-1.81363
-1.93123
-1.81977
-1.83654
-1.79282
-1.79463
-1.82269
-1.95208
-1.97046
-1.79198
-2.0684
-1.81856
-1.79262
-1.83235
-1.84232
-2.44018
-3.02366
-2.37113
-1.79913
-1.82424
-1.85846
-1.82694
-2.27982
-2.0162
-2.00067
-2.07489
-1.89644
-1.81765
-1.83458
-1.83029
